0
0
0
-1
-1
-1
-1
-2
-2
-2
-3
-3
-3
-4
-4
-5
-5
-5
-6
-6
-7
-7
-8
-8
-9
-9
-10
-10
-11
-11
-12
-12
-13
-13
-13
-14
-14
-14
-15
-15
-15
-15
-15
-15
-15
-15
-15
-15
-15
-14
-14
-14
-13
-12
-12
-11
-10
-9
-8
-7
-6
-5
-4
-2
-1
1
2
4
5
7
9
11
13
15
17
19
21
23
26
28
30
32
34
37
39
41
43
46
48
50
52
54
56
58
60
62
63
65
66
68
69
70
71
72
72
73
73
73
73
73
72
71
70
69
67
65
63
61
58
55
52
48
44
40
35
30
25
19
13
7
0
-7
-14
-22
-31
-39
-48
-58
-67
-77
-88
-99
-110
-122
-134
-146
-159
-172
-186
-199
-213
-228
-242
-258
-273
-289
-305
-321
-337
-354
-371
-389
-406
-424
-442
-461
-479
-498
-516
-535
-555
-574
-593
-613
-633
-652
-672
-692
-712
-732
-752
-773
-793
-813
-833
-853
-874
-894
-914
-934
-954
-974
-994
-1013
-1033
-1053
-1072
-1092
-1111
-1130
-1149
-1168
-1187
-1205
-1224
-1242
-1260
-1278
-1296
-1314
-1331
-1349
-1366
-1383
-1400
-1417
-1434
-1450
-1467
-1483
-1499
-1515
-1530
-1546
-1561
-1576
-1591
-1606
-1621
-1635
-1650
-1664
-1678
-1692
-1706
-1720
-1734
-1747
-1761
-1774
-1787
-1800
-1813
-1826
-1839
-1851
-1864
-1876
-1888
-1900
-1912
-1924
-1936
-1947
-1959
-1970
-1981
-1992
-2003
-2014
-2024
-2035
-2045
-2055
-2065
-2075
-2084
-2093
-2103
-2111
-2120
-2128
-2137
-2145
-2152
-2159
-2166
-2173
-2180
-2186
-2192
-2197
-2202
-2207
-2211
-2215
-2219
-2222
-2225
-2227
-2229
-2230
-2231
-2232
-2231
-2231
-2230
-2228
-2226
-2223
-2220
-2216
-2211
-2206
-2201
-2194
-2187
-2180
-2172
-2163
-2154
-2143
-2133
-2121
-2109
-2096
-2083
-2069
-2054
-2039
-2022
-2005
-1988
-1970
-1951
-1931
-1911
-1890
-1868
-1845
-1822
-1798
-1774
-1748
-1723
-1696
-1669
-1641
-1613
-1584
-1554
-1524
-1493
-1462
-1430
-1398
-1365
-1332
-1298
-1264
-1230
-1194
-1159
-1123
-1087
-1050
-1013
-976
-938
-900
-862
-823
-784
-745
-706
-667
-627
-587
-547
-507
-467
-427
-386
-346
-306
-265
-225
-184
-144
-103
-63
-23
17
57
97
137
176
216
255
294
332
371
409
447
484
522
559
595
632
668
703
739
774
808
842
876
909
942
974
1006
1038
1069
1099
1129
1159
1188
1216
1244
1271
1298
1325
1351
1376
1401
1425
1449
1472
1494
1516
1538
1558
1579
1598
1617
1636
1654
1671
1688
1704
1720
1735
1749
1763
1776
1789
1801
1813
1824
1834
1844
1853
1862
1870
1877
1884
1890
1896
1901
1905
1909
1913
1915
1918
1919
1920
1921
1921
1920
1919
1917
1915
1912
1908
1904
1900
1895
1889
1883
1876
1868
1860
1852
1843
1833
1823
1812
1801
1789
1777
1764
1751
1737
1723
1709
1693
1678
1661
1645
1627
1610
1592
1573
1554
1534
1514
1493
1472
1450
1428
1406
1383
1359
1335
1311
1286
1261
1235
1209
1183
1156
1128
1100
1072
1044
1015
985
956
926
895
864
833
801
770
737
705
672
639
605
571
537
503
468
433
398
362
326
290
254
217
181
144
106
69
32
-6
-44
-82
-120
-158
-197
-235
-274
-312
-351
-390
-429
-467
-506
-545
-584
-623
-661
-700
-739
-778
-816
-855
-893
-932
-970
-1008
-1046
-1084
-1121
-1159
-1196
-1233
-1269
-1306
-1342
-1378
-1414
-1449
-1484
-1519
-1553
-1587
-1621
-1654
-1687
-1720
-1752
-1784
-1815
-1846
-1877
-1907
-1936
-1965
-1994
-2022
-2049
-2076
-2103
-2129
-2154
-2179
-2203
-2227
-2250
-2273
-2295
-2316
-2337
-2357
-2376
-2395
-2414
-2432
-2449
-2465
-2481
-2496
-2511
-2525
-2538
-2551
-2564
-2575
-2586
-2596
-2606
-2615
-2624
-2632
-2639
-2646
-2652
-2657
-2662
-2667
-2670
-2674
-2676
-2679
-2680
-2681
-2682
-2682
-2681
-2680
-2679
-2677
-2675
-2672
-2668
-2664
-2660
-2655
-2650
-2644
-2638
-2631
-2624
-2617
-2609
-2601
-2592
-2583
-2574
-2564
-2554
-2544
-2533
-2522
-2510
-2498
-2486
-2474
-2461
-2448
-2434
-2421
-2407
-2393
-2378
-2363
-2348
-2333
-2317
-2301
-2285
-2268
-2251
-2234
-2217
-2200
-2182
-2163
-2145
-2126
-2107
-2088
-2068
-2049
-2029
-2008
-1988
-1967
-1946
-1924
-1902
-1880
-1858
-1835
-1812
-1789
-1765
-1741
-1717
-1692
-1668
-1642
-1617
-1591
-1565
-1538
-1512
-1485
-1457
-1429
-1401
-1373
-1344
-1315
-1285
-1256
-1225
-1195
-1164
-1133
-1101
-1069
-1037
-1005
-972
-938
-905
-871
-836
-802
-767
-731
-696
-660
-623
-587
-550
-513
-475
-438
-400
-361
-323
-284
-245
-206
-167
-127
-87
-48
-8
33
73
113
154
194
235
276
317
358
399
440
480
521
562
603
643
684
724
765
805
845
884
924
963
1003
1041
1080
1118
1156
1194
1232
1269
1306
1342
1378
1413
1449
1483
1517
1551
1585
1617
1650
1681
1713
1743
1774
1803
1832
1861
1889
1916
1943
1969
1994
2019
2043
2066
2089
2111
2132
2152
2172
2191
2209
2227
2243
2260
2275
2289
2303
2316
2329
2340
2351
2361
2370
2378
2386
2393
2399
2404
2409
2413
2416
2418
2420
2421
2421
2420
2419
2417
2414
2411
2407
2402
2396
2390
2383
2376
2367
2359
2349
2339
2329
2318
2306
2294
2282
2268
2255
2241
2226
2211
2196
2180
2164
2147
2130
2113
2095
2077
2059
2041
2022
2003
1983
1964
1944
1924
1904
1883
1863
1842
1821
1800
1778
1757
1735
1714
1692
1670
1649
1627
1605
1583
1560
1538
1516
1494
1471
1449
1427
1404
1382
1359
1337
1314
1292
1269
1246
1223
1200
1177
1154
1131
1108
1085
1061
1038
1014
990
966
942
918
894
869
844
819
794
769
743
717
691
665
638
611
584
557
529
501
472
444
415
385
356
326
295
265
234
203
171
139
107
74
42
8
-25
-59
-93
-128
-163
-198
-234
-270
-306
-343
-380
-417
-455
-493
-531
-569
-608
-647
-686
-725
-765
-805
-845
-885
-925
-965
-1006
-1047
-1087
-1128
-1169
-1210
-1251
-1292
-1333
-1374
-1415
-1456
-1497
-1538
-1578
-1619
-1660
-1700
-1740
-1780
-1820
-1859
-1899
-1938
-1977
-2015
-2053
-2091
-2129
-2166
-2203
-2239
-2276
-2311
-2347
-2382
-2417
-2452
-2486
-2519
-2552
-2585
-2618
-2649
-2681
-2712
-2742
-2772
-2802
-2830
-2859
-2887
-2914
-2941
-2967
-2993
-3018
-3042
-3066
-3089
-3112
-3134
-3156
-3177
-3197
-3217
-3236
-3255
-3273
-3290
-3307
-3323
-3338
-3353
-3367
-3380
-3392
-3404
-3415
-3425
-3434
-3442
-3450
-3456
-3462
-3467
-3471
-3474
-3476
-3477
-3477
-3476
-3474
-3472
-3468
-3463
-3457
-3450
-3442
-3433
-3422
-3411
-3399
-3385
-3371
-3355
-3338
-3320
-3301
-3281
-3259
-3237
-3213
-3188
-3162
-3135
-3107
-3078
-3048
-3016
-2984
-2950
-2916
-2881
-2844
-2807
-2769
-2730
-2690
-2649
-2608
-2566
-2523
-2479
-2435
-2390
-2344
-2299
-2252
-2205
-2158
-2110
-2062
-2014
-1966
-1917
-1868
-1820
-1771
-1722
-1673
-1625
-1577
-1529
-1481
-1434
-1387
-1340
-1294
-1249
-1204
-1160
-1117
-1074
-1032
-991
-951
-912
-874
-837
-801
-766
-732
-700
-668
-638
-609
-581
-554
-529
-505
-483
-462
-442
-424
-406
-391
-376
-364
-352
-342
-333
-325
-319
-314
-310
-308
-307
-307
-308
-310
-314
-319
-324
-331
-339
-348
-357
-367
-378
-390
-403
-416
-430
-444
-459
-475
-490
-506
-522
-539
-556
-572
-589
-606
-623
-640
-656
-672
-688
-704
-719
-734
-749
-763
-776
-789
-801
-813
-823
-833
-842
-850
-858
-864
-869
-873
-877
-879
-880
-880
-879
-876
-873
-868
-862
-854
-846
-836
-824
-812
-798
-782
-766
-747
-728
-707
-685
-661
-636
-609
-581
-552
-521
-489
-456
-421
-384
-346
-307
-267
-225
-182
-137
-91
-44
4
54
105
157
211
265
321
378
436
495
556
617
680
743
808
873
940
1007
1076
1145
1216
1287
1359
1432
1506
1580
1655
1731
1808
1885
1963
2042
2121
2200
2280
2360
2441
2522
2604
2685
2767
2849
2931
3014
3096
3179
3261
3343
3425
3507
3589
3670
3751
3831
3911
3990
4069
4147
4224
4300
4376
4450
4524
4596
4667
4737
4806
4873
4939
5003
5066
5127
5187
5244
5300
5354
5406
5456
5504
5550
5593
5634
5673
5709
5743
5775
5803
5829
5852
5873
5891
5905
5917
5926
5932
5935
5936
5933
5927
5918
5906
5891
5873
5852
5827
5800
5770
5736
5700
5661
5618
5572
5524
5472
5418
5360
5300
5236
5169
5100
5028
4952
4874
4794
4710
4624
4535
4443
4349
4252
4153
4052
3947
3841
3732
3621
3508
3393
3276
3157
3036
2913
2789
2662
2534
2405
2274
2141
2007
1872
1736
1598
1460
1320
1180
1039
897
754
611
467
322
178
33
-113
-258
-404
-549
-695
-840
-985
-1130
-1274
-1418
-1562
-1704
-1847
-1988
-2129
-2268
-2407
-2545
-2681
-2817
-2951
-3084
-3215
-3345
-3474
-3601
-3726
-3849
-3971
-4090
-4208
-4324
-4437
-4548
-4657
-4764
-4868
-4969
-5069
-5165
-5259
-5350
-5439
-5524
-5607
-5687
-5763
-5837
-5908
-5976
-6040
-6101
-6159
-6214
-6266
-6314
-6359
-6401
-6440
-6475
-6506
-6535
-6560
-6582
-6601
-6616
-6628
-6637
-6642
-6645
-6644
-6641
-6634
-6625
-6612
-6596
-6578
-6557
-6534
-6508
-6479
-6448
-6415
-6380
-6342
-6302
-6261
-6218
-6173
-6126
-6078
-6029
-5979
-5927
-5875
-5822
-5768
-5713
-5658
-5603
-5548
-5492
-5437
-5382
-5327
-5272
-5219
-5166
-5113
-5062
-5012
-4963
-4916
-4869
-4825
-4782
-4741
-4702
-4664
-4629
-4596
-4565
-4536
-4510
-4486
-4464
-4446
-4429
-4415
-4404
-4395
-4389
-4386
-4385
-4387
-4391
-4399
-4408
-4420
-4435
-4452
-4472
-4493
-4518
-4544
-4572
-4603
-4635
-4669
-4705
-4742
-4781
-4821
-4863
-4905
-4948
-4993
-5037
-5082
-5128
-5174
-5219
-5265
-5310
-5355
-5399
-5442
-5485
-5526
-5566
-5605
-5642
-5678
-5711
-5743
-5772
-5799
-5824
-5846
-5865
-5881
-5895
-5905
-5911
-5915
-5914
-5910
-5902
-5891
-5875
-5854
-5830
-5801
-5768
-5730
-5688
-5640
-5589
-5532
-5471
-5404
-5333
-5257
-5176
-5090
-4999
-4902
-4801
-4696
-4585
-4469
-4348
-4223
-4092
-3957
-3817
-3673
-3524
-3370
-3212
-3049
-2883
-2712
-2536
-2357
-2174
-1987
-1797
-1602
-1405
-1204
-1000
-793
-583
-371
-155
62
282
504
728
954
1181
1410
1640
1872
2104
2338
2571
2806
3041
3276
3511
3745
3980
4213
4447
4679
4910
5140
5369
5596
5821
6045
6266
6485
6702
6916
7127
7336
7541
7744
7943
8138
8330
8519
8703
8884
9060
9233
9401
9564
9724
9878
10028
10173
10313
10449
10579
10704
10824
10938
11047
11151
11249
11341
11428
11509
11584
11654
11718
11776
11828
11874
11914
11948
11977
11999
12015
12026
12030
12029
12021
12008
11989
11964
11933
11897
11854
11806
11753
11694
11629
11559
11484
11403
11317
11226
11130
11029
10924
10814
10699
10579
10456
10328
10196
10059
9920
9776
9628
9478
9324
9166
9006
8843
8677
8508
8337
8163
7987
7809
7629
7448
7264
7079
6893
6706
6517
6328
6138
5947
5755
5563
5371
5178
4986
4793
4601
4409
4217
4026
3835
3645
3456
3268
3080
2894
2709
2524
2342
2160
1980
1802
1625
1449
1275
1103
933
765
598
433
270
110
-50
-207
-362
-515
-666
-815
-963
-1108
-1251
-1393
-1532
-1669
-1805
-1938
-2070
-2199
-2327
-2452
-2576
-2698
-2819
-2937
-3054
-3169
-3282
-3394
-3504
-3613
-3720
-3825
-3929
-4032
-4133
-4232
-4331
-4428
-4524
-4619
-4712
-4804
-4895
-4985
-5074
-5161
-5248
-5334
-5418
-5502
-5585
-5667
-5747
-5827
-5907
-5985
-6062
-6139
-6214
-6289
-6363
-6437
-6509
-6581
-6652
-6722
-6791
-6860
-6927
-6994
-7060
-7125
-7190
-7253
-7316
-7378
-7439
-7500
-7560
-7619
-7677
-7734
-7791
-7846
-7901
-7955
-8008
-8061
-8113
-8163
-8213
-8262
-8311
-8358
-8405
-8450
-8495
-8539
-8582
-8624
-8665
-8705
-8744
-8782
-8819
-8855
-8890
-8924
-8957
-8988
-9019
-9048
-9076
-9102
-9128
-9152
-9175
-9196
-9216
-9235
-9252
-9268
-9283
-9295
-9307
-9317
-9325
-9332
-9337
-9340
-9342
-9341
-9339
-9335
-9329
-9321
-9311
-9299
-9284
-9268
-9249
-9227
-9203
-9177
-9148
-9116
-9081
-9044
-9004
-8960
-8914
-8864
-8812
-8756
-8697
-8634
-8568
-8499
-8426
-8350
-8269
-8185
-8097
-8006
-7910
-7811
-7707
-7600
-7488
-7373
-7253
-7129
-7001
-6868
-6731
-6590
-6445
-6295
-6141
-5983
-5821
-5654
-5483
-5308
-5129
-4946
-4758
-4567
-4372
-4172
-3969
-3762
-3552
-3338
-3120
-2899
-2675
-2447
-2217
-1983
-1747
-1508
-1267
-1023
-776
-528
-278
-26
228
484
740
998
1257
1516
1776
2036
2297
2557
2817
3077
3336
3595
3852
4109
4364
4617
4869
5118
5366
5611
5853
6093
6330
6564
6794
7021
7244
7463
7679
7889
8096
8298
8495
8687
8874
9056
9233
9404
9569
9729
9883
10031
10172
10308
10437
10560
10676
10786
10890
10986
11076
11160
11236
11306
11368
11424
11473
11516
11551
11579
11601
11615
11623
11623
11617
11604
11585
11558
11525
11486
11440
11387
11328
11263
11192
11114
11031
10942
10847
10746
10640
10528
10411
10289
10162
10030
9893
9752
9606
9456
9301
9143
8981
8815
8645
8472
8296
8117
7935
7751
7564
7374
7182
6988
6793
6595
6396
6196
5994
5792
5588
5384
5179
4974
4769
4564
4359
4154
3950
3746
3544
3342
3141
2942
2744
2548
2354
2161
1971
1782
1596
1412
1231
1052
877
703
533
366
203
42
-115
-268
-418
-565
-707
-846
-981
-1112
-1239
-1361
-1480
-1594
-1704
-1810
-1911
-2008
-2100
-2188
-2271
-2350
-2424
-2494
-2560
-2621
-2677
-2729
-2777
-2820
-2858
-2892
-2922
-2948
-2969
-2986
-2999
-3008
-3014
-3015
-3012
-3005
-2995
-2981
-2964
-2943
-2919
-2892
-2862
-2829
-2793
-2754
-2713
-2669
-2623
-2575
-2525
-2472
-2418
-2363
-2305
-2247
-2187
-2126
-2065
-2002
-1939
-1876
-1813
-1749
-1686
-1623
-1560
-1498
-1437
-1377
-1318
-1260
-1204
-1150
-1097
-1046
-997
-951
-907
-865
-826
-790
-757
-727
-701
-677
-658
-641
-629
-620
-616
-615
-618
-626
-638
-654
-675
-700
-729
-764
-803
-846
-894
-947
-1004
-1066
-1133
-1204
-1280
-1360
-1445
-1535
-1629
-1728
-1830
-1938
-2049
-2165
-2285
-2408
-2536
-2667
-2801
-2940
-3081
-3226
-3374
-3524
-3678
-3834
-3992
-4153
-4315
-4480
-4646
-4814
-4983
-5153
-5325
-5497
-5670
-5843
-6016
-6190
-6363
-6536
-6708
-6880
-7050
-7220
-7387
-7554
-7718
-7881
-8041
-8199
-8354
-8507
-8656
-8803
-8946
-9085
-9221
-9353
-9481
-9605
-9725
-9840
-9950
-10055
-10156
-10252
-10342
-10427
-10506
-10580
-10649
-10711
-10768
-10819
-10864
-10903
-10935
-10962
-10982
-10995
-11003
-11004
-10999
-10987
-10968
-10943
-10912
-10874
-10830
-10779
-10722
-10658
-10588
-10511
-10428
-10339
-10244
-10142
-10035
-9921
-9802
-9677
-9546
-9409
-9267
-9119
-8966
-8808
-8645
-8476
-8303
-8125
-7943
-7756
-7565
-7369
-7170
-6966
-6759
-6548
-6334
-6116
-5896
-5672
-5446
-5217
-4986
-4753
-4517
-4280
-4041
-3800
-3558
-3315
-3071
-2826
-2580
-2334
-2088
-1841
-1595
-1349
-1103
-858
-614
-371
-128
112
352
590
825
1059
1291
1521
1747
1972
2193
2412
2627
2839
3048
3253
3454
3652
3846
4036
4222
4403
4580
4753
4920
5084
5242
5396
5544
5688
5826
5960
6088
6210
6328
6440
6546
6647
6742
6832
6916
6995
7068
7135
7196
7252
7302
7346
7385
7418
7446
7468
7484
7495
7500
7500
7495
7484
7468
7447
7421
7390
7354
7314
7268
7219
7164
7106
7043
6977
6906
6831
6753
6672
6587
6498
6407
6313
6215
6116
6013
5909
5802
5693
5582
5470
5356
5240
5123
5006
4887
4768
4648
4528
4408
4287
4167
4047
3928
3809
3691
3574
3458
3344
3231
3119
3010
2902
2796
2692
2591
2492
2396
2302
2211
2123
2038
1956
1877
1802
1730
1662
1597
1536
1478
1424
1375
1329
1287
1249
1215
1185
1159
1137
1119
1105
1095
1089
1088
1090
1096
1106
1120
1138
1160
1185
1214
1247
1283
1322
1365
1411
1460
1512
1567
1625
1686
1749
1814
1882
1952
2025
2099
2174
2252
2331
2411
2493
2575
2659
2743
2828
2913
2999
3085
3171
3256
3342
3427
3511
3595
3678
3760
3840
3920
3998
4074
4149
4222
4293
4362
4428
4493
4555
4615
4672
4726
4777
4826
4871
4914
4953
4989
5021
5051
5077
5099
5118
5133
5145
5153
5157
5158
5155
5148
5138
5124
5106
5084
5059
5029
4997
4960
4920
4876
4829
4778
4723
4665
4604
4539
4470
4398
4323
4245
4163
4079
3991
3901
3808
3711
3612
3511
3406
3300
3191
3079
2966
2850
2732
2612
2490
2366
2241
2113
1985
1855
1723
1590
1456
1321
1185
1048
910
772
632
492
352
211
70
-71
-212
-353
-494
-635
-776
-916
-1056
-1195
-1334
-1472
-1609
-1745
-1881
-2015
-2148
-2279
-2410
-2539
-2666
-2792
-2916
-3039
-3159
-3278
-3395
-3510
-3623
-3733
-3841
-3947
-4051
-4152
-4251
-4347
-4440
-4531
-4619
-4704
-4787
-4866
-4943
-5016
-5087
-5154
-5219
-5280
-5338
-5393
-5444
-5492
-5537
-5579
-5617
-5652
-5684
-5712
-5737
-5758
-5776
-5790
-5801
-5809
-5814
-5814
-5812
-5806
-5797
-5784
-5769
-5750
-5728
-5703
-5675
-5643
-5609
-5572
-5532
-5489
-5444
-5396
-5346
-5292
-5237
-5179
-5119
-5057
-4993
-4927
-4859
-4790
-4719
-4646
-4572
-4496
-4420
-4342
-4263
-4184
-4104
-4023
-3942
-3860
-3778
-3696
-3615
-3533
-3452
-3371
-3291
-3211
-3132
-3055
-2978
-2903
-2829
-2756
-2686
-2616
-2549
-2483
-2420
-2359
-2300
-2243
-2189
-2138
-2089
-2043
-2000
-1960
-1923
-1888
-1857
-1829
-1804
-1783
-1765
-1750
-1739
-1731
-1726
-1725
-1727
-1733
-1742
-1755
-1771
-1790
-1813
-1839
-1868
-1901
-1937
-1976
-2018
-2064
-2112
-2163
-2217
-2273
-2333
-2395
-2459
-2526
-2595
-2666
-2739
-2814
-2891
-2969
-3049
-3131
-3213
-3297
-3382
-3468
-3555
-3642
-3730
-3818
-3906
-3994
-4083
-4171
-4258
-4346
-4432
-4518
-4603
-4687
-4770
-4852
-4932
-5011
-5088
-5163
-5236
-5308
-5377
-5444
-5509
-5572
-5631
-5689
-5744
-5795
-5844
-5891
-5934
-5974
-6011
-6045
-6075
-6103
-6127
-6148
-6165
-6179
-6190
-6197
-6201
-6201
-6198
-6192
-6182
-6168
-6151
-6131
-6107
-6080
-6049
-6016
-5978
-5938
-5895
-5848
-5798
-5745
-5689
-5631
-5569
-5505
-5438
-5368
-5296
-5221
-5144
-5064
-4982
-4898
-4811
-4723
-4633
-4540
-4446
-4350
-4253
-4154
-4053
-3951
-3848
-3744
-3638
-3532
-3424
-3316
-3206
-3096
-2985
-2874
-2762
-2650
-2537
-2425
-2311
-2198
-2085
-1971
-1858
-1745
-1631
-1518
-1406
-1293
-1181
-1069
-958
-847
-736
-627
-517
-408
-300
-193
-86
20
125
229
333
436
538
639
740
839
938
1036
1133
1229
1324
1419
1512
1605
1697
1789
1879
1968
2057
2145
2233
2319
2405
2490
2574
2657
2740
2822
2904
2984
3065
3144
3223
3302
3379
3457
3533
3609
3685
3760
3835
3909
3983
4056
4129
4202
4274
4345
4417
4488
4558
4629
4698
4768
4837
4906
4974
5043
5110
5178
5245
5311
5377
5443
5509
5574
5638
5702
5766
5829
5892
5954
6016
6077
6137
6198
6257
6316
6374
6431
6488
6544
6600
6654
6708
6761
6813
6864
6914
6963
7011
7058
7104
7149
7193
7235
7276
7316
7355
7392
7428
7462
7495
7526
7556
7584
7611
7636
7660
7681
7701
7720
7736
7751
7763
7774
7783
7790
7795
7799
7800
7799
7796
7791
7784
7775
7764
7750
7735
7717
7698
7676
7652
7626
7598
7568
7535
7501
7464
7425
7384
7342
7297
7250
7201
7150
7097
7042
6985
6926
6865
6803
6738
6672
6604
6534
6463
6389
6315
6239
6161
6081
6001
5918
5835
5750
5663
5575
5487
5397
5306
5213
5120
5026
4930
4834
4737
4639
4541
4441
4341
4240
4138
4036
3934
3831
3727
3623
3518
3414
3308
3203
3097
2991
2885
2778
2672
2565
2458
2352
2245
2137
2030
1923
1816
1709
1602
1495
1388
1282
1175
1068
961
854
748
641
535
428
322
216
110
4
-102
-208
-314
-420
-526
-632
-737
-843
-949
-1054
-1160
-1265
-1371
-1477
-1583
-1688
-1794
-1900
-2006
-2112
-2218
-2324
-2431
-2537
-2643
-2750
-2857
-2963
-3070
-3177
-3284
-3392
-3499
-3606
-3714
-3821
-3929
-4037
-4145
-4252
-4360
-4468
-4576
-4684
-4792
-4900
-5008
-5116
-5223
-5331
-5438
-5545
-5652
-5759
-5865
-5971
-6077
-6182
-6287
-6392
-6496
-6599
-6702
-6804
-6906
-7007
-7107
-7206
-7305
-7402
-7499
-7595
-7690
-7783
-7876
-7967
-8057
-8146
-8233
-8320
-8404
-8488
-8569
-8649
-8728
-8805
-8880
-8953
-9025
-9094
-9162
-9228
-9292
-9354
-9413
-9471
-9526
-9580
-9631
-9680
-9726
-9770
-9812
-9851
-9888
-9922
-9954
-9983
-10010
-10034
-10056
-10075
-10092
-10105
-10117
-10125
-10131
-10134
-10135
-10132
-10127
-10120
-10110
-10097
-10081
-10063
-10042
-10018
-9992
-9963
-9932
-9898
-9861
-9822
-9780
-9736
-9689
-9640
-9589
-9534
-9478
-9420
-9359
-9295
-9230
-9162
-9092
-9020
-8946
-8870
-8791
-8711
-8629
-8545
-8459
-8372
-8282
-8191
-8098
-8004
-7908
-7810
-7711
-7611
-7509
-7406
-7301
-7195
-7088
-6980
-6870
-6759
-6647
-6535
-6421
-6306
-6190
-6074
-5956
-5838
-5719
-5599
-5478
-5357
-5235
-5113
-4990
-4866
-4742
-4618
-4492
-4367
-4241
-4115
-3988
-3861
-3734
-3607
-3479
-3351
-3222
-3094
-2965
-2836
-2707
-2578
-2448
-2318
-2189
-2059
-1929
-1799
-1669
-1539
-1409
-1279
-1149
-1019
-889
-759
-629
-499
-369
-239
-109
20
150
280
409
538
667
795
924
1052
1180
1308
1436
1563
1690
1816
1943
2068
2194
2319
2444
2568
2692
2815
2938
3060
3182
3303
3423
3543
3662
3780
3898
4015
4131
4246
4360
4473
4585
4697
4807
4916
5024
5131
5237
5341
5445
5547
5647
5747
5844
5941
6036
6129
6221
6312
6400
6487
6572
6656
6738
6818
6896
6972
7046
7119
7189
7258
7324
7388
7450
7510
7568
7624
7678
7729
7778
7825
7870
7912
7952
7990
8025
8058
8089
8117
8144
8167
8188
8207
8224
8238
8249
8259
8266
8270
8272
8272
8270
8265
8257
8248
8236
8222
8205
8187
8166
8143
8118
8091
8062
8030
7997
7961
7924
7884
7843
7799
7754
7707
7658
7607
7555
7501
7445
7388
7329
7268
7207
7143
7078
7012
6945
6876
6806
6735
6663
6589
6515
6440
6363
6286
6208
6129
6049
5968
5887
5805
5722
5639
5556
5471
5387
5302
5216
5130
5044
4958
4871
4784
4697
4610
4522
4435
4348
4260
4173
4085
3998
3911
3824
3737
3651
3565
3479
3393
3307
3222
3137
3053
2969
2885
2802
2719
2636
2555
2473
2392
2312
2232
2152
2073
1995
1917
1840
1763
1687
1612
1537
1462
1388
1315
1242
1170
1098
1027
957
887
817
749
680
612
545
478
412
346
281
216
151
87
24
-39
-102
-165
-227
-288
-350
-411
-472
-532
-592
-652
-712
-771
-830
-889
-948
-1007
-1065
-1123
-1182
-1240
-1298
-1355
-1413
-1471
-1529
-1586
-1644
-1702
-1759
-1817
-1875
-1932
-1990
-2048
-2106
-2164
-2222
-2280
-2338
-2396
-2454
-2513
-2571
-2630
-2688
-2747
-2806
-2864
-2923
-2982
-3041
-3100
-3159
-3218
-3277
-3337
-3396
-3455
-3514
-3573
-3632
-3690
-3749
-3808
-3867
-3925
-3983
-4041
-4099
-4157
-4214
-4271
-4327
-4384
-4440
-4495
-4551
-4605
-4659
-4713
-4766
-4819
-4871
-4923
-4973
-5023
-5073
-5122
-5170
-5217
-5263
-5308
-5353
-5396
-5439
-5481
-5521
-5561
-5599
-5637
-5673
-5708
-5742
-5775
-5806
-5836
-5865
-5893
-5919
-5944
-5967
-5989
-6009
-6028
-6045
-6061
-6075
-6088
-6099
-6109
-6117
-6123
-6127
-6130
-6132
-6131
-6129
-6125
-6120
-6112
-6103
-6093
-6080
-6066
-6050
-6032
-6013
-5991
-5968
-5944
-5917
-5889
-5859
-5828
-5794
-5760
-5723
-5684
-5644
-5603
-5559
-5514
-5468
-5420
-5371
-5319
-5267
-5213
-5157
-5101
-5042
-4983
-4922
-4859
-4796
-4731
-4665
-4598
-4530
-4460
-4390
-4318
-4245
-4172
-4097
-4022
-3946
-3869
-3791
-3713
-3634
-3554
-3474
-3393
-3311
-3229
-3147
-3065
-2982
-2898
-2815
-2731
-2648
-2564
-2480
-2396
-2312
-2228
-2144
-2061
-1977
-1894
-1811
-1729
-1647
-1565
-1483
-1402
-1322
-1242
-1163
-1085
-1007
-930
-854
-778
-703
-630
-557
-485
-414
-343
-274
-206
-139
-73
-8
56
119
180
241
300
359
416
472
526
580
632
683
733
781
828
874
919
963
1005
1046
1086
1124
1162
1198
1233
1267
1299
1331
1361
1390
1418
1445
1471
1496
1519
1542
1564
1584
1604
1623
1640
1657
1673
1688
1702
1716
1728
1740
1751
1761
1771
1779
1787
1795
1802
1808
1813
1819
1823
1827
1831
1834
1837
1839
1841
1842
1843
1844
1845
1845
1845
1845
1844
1844
1843
1842
1841
1839
1837
1836
1834
1832
1830
1828
1826
1824
1821
1819
1817
1814
1812
1810
1808
1805
1803
1801
1799
1797
1795
1793
1791
1789
1787
1785
1783
1781
1779
1778
1776
1774
1773
1771
1769
1768
1766
1764
1763
1761
1759
1757
1756
1754
1752
1750
1748
1746
1744
1741
1739
1736
1734
1731
1728
1725
1722
1718
1714
1711
1706
1702
1698
1693
1688
1683
1677
1671
1665
1659
1652
1645
1637
1629
1621
1612
1603
1594
1584
1573
1562
1551
1539
1526
1513
1500
1486
1471
1456
1440
1424
1407
1390
1372
1353
1334
1314
1294
1273
1251
1229
1205
1182
1157
1132
1106
1080
1053
1025
996
967
937
907
875
844
811
778
744
710
675
640
603
567
529
491
453
414
374
334
294
253
211
170
127
85
42
-2
-45
-90
-134
-179
-224
-269
-314
-359
-404
-450
-496
-541
-587
-632
-678
-723
-768
-813
-858
-903
-947
-991
-1035
-1078
-1121
-1163
-1205
-1247
-1288
-1328
-1368
-1407
-1445
-1483
-1520
-1557
-1592
-1627
-1661
-1694
-1726
-1757
-1788
-1817
-1846
-1873
-1899
-1925
-1949
-1972
-1995
-2016
-2036
-2054
-2072
-2089
-2104
-2119
-2132
-2144
-2155
-2165
-2173
-2181
-2187
-2192
-2196
-2199
-2201
-2202
-2202
-2201
-2198
-2195
-2190
-2185
-2178
-2171
-2162
-2153
-2142
-2131
-2119
-2106
-2092
-2078
-2062
-2046
-2030
-2012
-1994
-1975
-1956
-1936
-1916
-1895
-1874
-1852
-1830
-1807
-1785
-1762
-1738
-1715
-1691
-1667
-1643
-1619
-1594
-1570
-1546
-1521
-1497
-1472
-1448
-1424
-1400
-1376
-1353
-1329
-1306
-1283
-1260
-1238
-1216
-1194
-1173
-1152
-1131
-1111
-1091
-1071
-1052
-1033
-1015
-997
-980
-963
-946
-930
-914
-899
-884
-869
-855
-842
-829
-816
-803
-791
-780
-769
-758
-748
-738
-728
-719
-710
-701
-693
-685
-677
-670
-662
-655
-649
-642
-636
-629
-623
-617
-611
-605
-599
-594
-588
-582
-577
-571
-565
-560
-554
-548
-542
-536
-530
-523
-517
-510
-504
-497
-489
-482
-474
-466
-458
-450
-441
-432
-423
-413
-403
-393
-382
-371
-360
-348
-336
-324
-311
-298
-285
-271
-257
-243
-228
-213
-197
-181
-165
-148
-131
-114
-96
-78
-60
-41
-22
-3
17
37
57
77
98
119
140
162
183
205
227
249
272
294
317
340
362
385
409
432
455
478
502
525
548
572
595
618
642
665
688
711
734
757
780
802
825
847
869
891
913
935
956
977
998
1019
1040
1060
1080
1100
1119
1139
1158
1176
1194
1212
1230
1247
1264
1280
1296
1312
1327
1342
1357
1371
1385
1398
1411
1424
1436
1448
1459
1470
1481
1491
1501
1510
1518
1527
1534
1542
1549
1555
1561
1566
1572
1576
1580
1584
1587
1590
1592
1594
1596
1596
1597
1597
1596
1596
1594
1593
1590
1588
1585
1581
1578
1573
1569
1563
1558
1552
1546
1539
1531
1524
1516
1508
1499
1490
1480
1470
1460
1449
1438
1427
1415
1403
1391
1378
1365
1351
1338
1323
1309
1294
1279
1263
1248
1232
1215
1198
1181
1164
1147
1129
1111
1093
1074
1055
1036
1017
997
977
957
937
917
896
875
854
832
811
789
767
744
722
699
676
653
630
606
582
558
534
509
485
460
435
409
383
357
331
305
278
251
224
197
169
142
113
85
56
27
-2
-31
-61
-90
-121
-151
-181
-212
-243
-275
-307
-338
-371
-403
-436
-469
-502
-535
-569
-603
-638
-672
-707
-742
-778
-813
-849
-885
-921
-957
-994
-1030
-1067
-1104
-1142
-1179
-1217
-1255
-1293
-1331
-1369
-1407
-1446
-1485
-1523
-1562
-1601
-1640
-1679
-1719
-1758
-1797
-1836
-1876
-1915
-1954
-1993
-2032
-2071
-2110
-2149
-2188
-2227
-2265
-2303
-2341
-2379
-2417
-2455
-2492
-2529
-2566
-2602
-2639
-2675
-2710
-2745
-2780
-2815
-2849
-2883
-2916
-2949
-2982
-3014
-3045
-3076
-3107
-3137
-3167
-3196
-3224
-3252
-3279
-3306
-3332
-3358
-3383
-3408
-3431
-3455
-3477
-3499
-3520
-3541
-3561
-3580
-3599
-3617
-3634
-3651
-3666
-3682
-3696
-3710
-3723
-3735
-3747
-3758
-3768
-3777
-3786
-3794
-3801
-3807
-3813
-3818
-3822
-3826
-3829
-3831
-3832
-3833
-3833
-3832
-3831
-3829
-3826
-3822
-3818
-3813
-3807
-3801
-3794
-3786
-3777
-3768
-3758
-3747
-3735
-3723
-3710
-3697
-3682
-3667
-3652
-3635
-3618
-3600
-3582
-3563
-3543
-3522
-3501
-3479
-3456
-3433
-3408
-3384
-3358
-3332
-3305
-3277
-3249
-3220
-3191
-3160
-3129
-3098
-3065
-3032
-2999
-2965
-2930
-2894
-2858
-2821
-2784
-2746
-2707
-2668
-2628
-2587
-2546
-2504
-2462
-2419
-2376
-2332
-2287
-2242
-2197
-2151
-2104
-2057
-2010
-1962
-1914
-1865
-1816
-1767
-1717
-1667
-1616
-1565
-1514
-1463
-1411
-1360
-1308
-1255
-1203
-1150
-1097
-1044
-991
-938
-885
-831
-778
-724
-671
-617
-564
-511
-457
-404
-351
-298
-245
-193
-140
-88
-36
16
68
119
170
221
272
322
372
422
471
520
568
617
665
712
759
806
852
898
943
988
1033
1077
1121
1164
1207
1250
1292
1333
1374
1415
1455
1495
1534
1573
1612
1650
1687
1724
1761
1797
1833
1868
1903
1938
1972
2005
2039
2071
2104
2136
2168
2199
2230
2261
2291
2321
2350
2379
2408
2436
2464
2491
2519
2546
2572
2599
2624
2650
2675
2700
2725
2749
2773
2796
2819
2841
2864
2886
2907
2928
2949
2970
2990
3009
3029
3047
3066
3084
3102
3119
3136
3152
3168
3184
3199
3213
3227
3241
3254
3267
3279
3290
3301
3312
3322
3331
3340
3348
3356
3363
3369
3375
3380
3385
3389
3392
3395
3397
3398
3399
3399
3398
3397
3395
3392
3388
3384
3379
3373
3366
3359
3351
3343
3333
3323
3312
3300
3287
3274
3260
3244
3229
3212
3195
3176
3157
3138
3117
3096
3074
3051
3027
3002
2977
2951
2924
2896
2868
2839
2809
2778
2746
2714
2681
2647
2613
2577
2542
2505
2468
2430
2391
2352
2312
2272
2231
2189
2146
2103
2060
2016
1971
1926
1880
1834
1787
1740
1692
1644
1595
1546
1497
1447
1397
1346
1295
1244
1192
1140
1088
1035
982
929
876
823
769
715
661
607
553
499
444
390
336
281
227
172
118
64
10
-45
-99
-152
-206
-260
-313
-366
-419
-472
-524
-576
-628
-679
-730
-781
-831
-881
-931
-980
-1028
-1076
-1124
-1171
-1218
-1264
-1310
-1355
-1400
-1444
-1487
-1530
-1572
-1614
-1655
-1695
-1735
-1774
-1812
-1850
-1887
-1923
-1959
-1994
-2028
-2062
-2094
-2126
-2158
-2188
-2218
-2247
-2276
-2304
-2331
-2357
-2383
-2408
-2432
-2455
-2478
-2501
-2522
-2543
-2564
-2583
-2602
-2621
-2639
-2656
-2672
-2688
-2704
-2719
-2733
-2746
-2760
-2772
-2784
-2796
-2807
-2818
-2829
-2838
-2848
-2857
-2865
-2874
-2882
-2889
-2897
-2904
-2910
-2917
-2923
-2929
-2935
-2941
-2946
-2951
-2956
-2961
-2965
-2970
-2974
-2978
-2983
-2987
-2991
-2995
-2998
-3002
-3006
-3009
-3013
-3017
-3020
-3024
-3028
-3031
-3035
-3038
-3042
-3045
-3049
-3052
-3055
-3059
-3062
-3066
-3069
-3073
-3076
-3079
-3083
-3086
-3089
-3093
-3096
-3099
-3102
-3105
-3108
-3111
-3113
-3116
-3118
-3121
-3123
-3125
-3127
-3128
-3130
-3131
-3132
-3132
-3133
-3133
-3133
-3133
-3132
-3131
-3130
-3128
-3126
-3124
-3121
-3118
-3114
-3110
-3106
-3101
-3096
-3090
-3084
-3077
-3070
-3063
-3054
-3046
-3037
-3027
-3016
-3006
-2994
-2982
-2970
-2956
-2943
-2928
-2913
-2898
-2882
-2865
-2848
-2831
-2812
-2793
-2774
-2753
-2733
-2711
-2689
-2667
-2644
-2620
-2596
-2571
-2545
-2519
-2493
-2466
-2438
-2410
-2381
-2352
-2322
-2292
-2261
-2230
-2198
-2166
-2133
-2101
-2067
-2033
-1999
-1964
-1929
-1893
-1857
-1821
-1784
-1747
-1710
-1672
-1634
-1596
-1557
-1518
-1479
-1440
-1400
-1361
-1321
-1280
-1240
-1199
-1158
-1117
-1076
-1035
-993
-952
-910
-868
-826
-784
-742
-700
-658
-615
-573
-531
-488
-446
-403
-360
-318
-275
-232
-190
-147
-104
-62
-19
23
65
108
150
192
234
276
318
359
401
442
484
525
566
606
647
687
727
767
807
847
886
925
964
1002
1041
1079
1116
1153
1190
1227
1263
1300
1335
1371
1405
1440
1474
1508
1541
1573
1606
1638
1669
1700
1730
1760
1789
1818
1846
1874
1901
1927
1953
1979
2003
2028
2051
2074
2096
2118
2138
2158
2178
2197
2215
2233
2249
2266
2281
2296
2310
2323
2336
2348
2359
2370
2379
2388
2397
2405
2411
2418
2423
2428
2432
2435
2438
2439
2441
2441
2441
2440
2438
2436
2433
2429
2425
2420
2414
2408
2401
2394
2386
2377
2368
2358
2348
2337
2325
2314
2301
2288
2275
2261
2247
2232
2217
2201
2185
2169
2152
2135
2117
2099
2081
2063
2044
2025
2005
1986
1966
1946
1925
1905
1884
1863
1842
1821
1799
1778
1756
1734
1712
1690
1668
1646
1624
1602
1580
1558
1536
1514
1491
1469
1447
1425
1403
1381
1359
1337
1315
1293
1271
1250
1228
1207
1185
1164
1143
1122
1101
1080
1059
1038
1018
997
977
956
936
916
896
876
857
837
817
798
778
759
739
720
701
682
663
644
626
607
588
569
551
532
514
495
477
458
440
421
403
384
366
347
329
310
291
273
254
235
216
197
178
159
140
121
102
83
64
44
25
5
-15
-34
-54
-74
-94
-114
-134
-154
-174
-195
-215
-235
-256
-276
-297
-317
-338
-358
-379
-400
-420
-441
-462
-482
-503
-524
-544
-565
-585
-605
-626
-646
-666
-686
-706
-726
-746
-765
-785
-804
-823
-842
-860
-879
-897
-915
-933
-950
-967
-984
-1001
-1018
-1034
-1050
-1066
-1082
-1097
-1112
-1126
-1141
-1155
-1168
-1182
-1195
-1207
-1220
-1232
-1243
-1255
-1266
-1276
-1287
-1297
-1306
-1315
-1324
-1333
-1341
-1349
-1357
-1364
-1371
-1378
-1384
-1390
-1396
-1402
-1407
-1412
-1417
-1421
-1425
-1429
-1433
-1437
-1440
-1443
-1446
-1449
-1452
-1454
-1456
-1458
-1460
-1462
-1464
-1466
-1468
-1469
-1471
-1472
-1474
-1475
-1476
-1478
-1479
-1480
-1482
-1483
-1485
-1487
-1488
-1490
-1492
-1494
-1496
-1498
-1501
-1503
-1506
-1509
-1511
-1515
-1518
-1521
-1525
-1529
-1533
-1537
-1541
-1545
-1550
-1555
-1560
-1565
-1570
-1575
-1581
-1586
-1592
-1598
-1604
-1611
-1617
-1623
-1630
-1637
-1644
-1650
-1657
-1664
-1672
-1679
-1686
-1693
-1701
-1708
-1715
-1722
-1730
-1737
-1744
-1751
-1758
-1765
-1771
-1778
-1785
-1791
-1797
-1803
-1808
-1814
-1819
-1824
-1829
-1833
-1837
-1841
-1844
-1847
-1850
-1852
-1854
-1856
-1857
-1858
-1858
-1858
-1858
-1857
-1856
-1854
-1851
-1849
-1845
-1842
-1837
-1832
-1827
-1821
-1815
-1808
-1801
-1793
-1784
-1775
-1766
-1756
-1745
-1734
-1722
-1710
-1697
-1684
-1670
-1656
-1641
-1626
-1610
-1594
-1578
-1561
-1543
-1525
-1507
-1488
-1469
-1449
-1429
-1409
-1388
-1367
-1345
-1324
-1302
-1280
-1257
-1235
-1212
-1189
-1165
-1142
-1118
-1095
-1071
-1047
-1023
-999
-975
-951
-926
-902
-878
-854
-830
-806
-783
-759
-735
-712
-689
-666
-643
-620
-598
-576
-554
-533
-511
-490
-470
-449
-429
-410
-390
-371
-352
-334
-316
-299
-282
-265
-249
-233
-218
-203
-188
-174
-161
-148
-135
-123
-111
-99
-88
-78
-68
-58
-48
-40
-31
-23
-15
-8
-1
5
11
17
22
27
32
36
40
43
47
50
52
54
57
58
60
61
62
63
63
64
64
64
63
63
62
62
61
60
58
57
56
54
53
51
50
48
46
44
42
41
39
37
35
33
31
29
27
25
23
22
20
18
16
15
13
11
10
8
7
6
4
3
2
1
0
-1
-2
-3
-4
-5
-6
-6
-7
-7
-8
-8
-9
-9
-9
-10
-10
-10
-10
-10
-10
-10
-10
-10
-10
-10
-10
-10
-10
-10
-10
-9
-9
-9
-9
-9
-8
-8
-8
-8
-7
-7
-7
-7
-6
-6
-6
-6
-5
-5
-5
-5
-4
-4
-4
-4
-3
-3
-3
-3
-3
-2
-2
-2
-2
-2
-2
-2
-2
-1
-1
-1
-1
-1
-1
-1
-1
-1
0
0
0
0
0
0
0
0
0
0
0
0
0
0
0
0
0
0
0
0
0
0
0
0
0
0
0
0
0
0
0
0
0
0
0
0
0
0
0
0
0
0
0
0
0
0
0
0
0
0
0
0
0
0
0
0
0
0
0
0
0
0
0
0
0
0
0
0
0
0
0
0
0
0
0
0
0
0
0
0
0
0
0
0
0
0
0
0
0
0
0
0
0
0
0
0
0
0
0
0
0
0
0
0
0
0
0
0
0
0
0
0
0
0
0
0
0
0
0
0
0
0
0
0
0
0
0
0
0
0
0
0
0
0
0
0
0
0
0
0
0
0
0
0
0
0
0
0
0
0
0
0
0
0
0
0
0
0
0
0
0
0
0
0
0
0
0
0
0
0
0
0
0
0
0
0
0
0
0
0
0
0
0
0
0
0
0
0
0
0
0
0
0
0
0
0
0
0
0
0
0
0
0
0
0
0
0
0
0
0
0
0
0
0
0
0
0
0
0
0
0
0
0
0
0
0
0
0
0
0
0
0
0
0
0
0
0
0
0
0
0
0
0
0
0
0
0
0
0
0
0
0
0
0
0
0
0
0
0
0
0
0
0
0
0
0
0
0
0
0
0
0
0
0
0
0
0
0
0
0
0
0
0
0
0
0
0
0
0
0
0
0
0
0
0
0
0
0
0
0
0
0
0
0
0
0
0
0
0
0
0
0
0
0
0
0
0
0
0
0
0
0
0
0
0
0
0
0
0
0
0
0
0
0
0
0
0
0
0
0
0
0
0
0
0
0
0
0
0
0
0
0
0
0
0
0
0
0
0
0
0
0
0
0
0
0
0
0
0
0
0
0
0
0
0
0
0
0
0
0
0
0
0
0
0
0
0
0
0
0
0
0
0
0
0
0
0
0
0
0
0
0
0
0
0